1000
0.96383
0.945257
0.932519
0.922155
0.913216
0.905259
0.898032
0.891376
0.885182
0.879372
0.873887
0.868682
0.863723
0.85898
0.854429
0.850052
0.845831
0.841754
0.837807
0.833981
0.830265
0.826653
0.823137
0.81971
0.816367
0.813103
0.809914
0.806794
0.80374
0.800749
0.797818
0.794943
0.792122
0.789353
0.786632
0.783959
0.78133
0.778745
0.776201
0.773696
0.77123
0.768801
0.766407
0.764047
0.76172
0.759425
0.757161
0.754926
0.75272
0.750543
0.748392
0.746268
0.744169
0.742094
0.740044
0.738017
0.736013
0.734031
0.73207
0.73013
0.728211
0.726312
0.724431
0.72257
0.720728
0.718903
0.717096
0.715306
0.713533
0.711776
0.710035
0.70831
0.706601
0.704906
0.703226
0.701561
0.699909
0.698272
0.696648
0.695037
0.693439
0.691854
0.690282
0.688722
0.687174
0.685638
0.684113
0.6826
0.681098
0.679607
0.678127
0.676658
0.675199
0.673751
0.672312
0.670883
0.669465
0.668056
0.666656
0.665266
0.663884
0.662512
0.661149
0.659795
0.658449
0.657111
0.655782
0.654462
0.653149
0.651844
0.650548
0.649259
0.647978
0.646704
0.645438
0.644179
0.642927
0.641683
0.640446
0.639215
0.637992
0.636775
0.635565
0.634362
0.633165
0.631974
0.63079
0.629612
0.628441
0.627275
0.626116
0.624963
0.623815
0.622674
0.621538
0.620408
0.619283
0.618164
0.617051
0.615943
0.61484
0.613743
0.612651
0.611564
0.610482
0.609406
0.608334
0.607268
0.606206
0.605149
0.604097
0.60305
0.602007
0.60097
0.599936
0.598908
0.597884
0.596864
0.595849
0.594838
0.593832
0.59283
0.591832
0.590838
0.589849
0.588863
0.587882
0.586905
0.585932
0.584962
0.583997
0.583036
0.582078
0.581125
0.580175
0.579229
0.578286
0.577347
0.576412
0.575481
0.574553
0.573629
0.572708
0.571791
0.570877
0.569967
0.56906
0.568156
0.567256
0.566359
0.565465
0.564575
0.563688
0.562804
0.561923
0.561046
0.560171
0.5593
0.558432
0.557567
0.556704
0.555845
0.554989
0.554136
0.553285
0.552438
0.551594
0.550752
0.549913
0.549077
0.548244
0.547413
0.546586
0.545761
0.544938
0.544119
0.543302
0.542488
0.541676
0.540867
0.540061
0.539257
0.538456
0.537657
0.536861
0.536067
0.535275
0.534487
0.5337
0.532916
0.532135
0.531356
0.530579
0.529804
0.529032
0.528263
0.527495
0.52673
0.525967
0.525206
0.524448
0.523692
0.522938
0.522186
0.521437
0.520689
0.519944
0.519201
0.51846
0.517721
0.516984
0.51625
0.515517
0.514787
0.514058
0.513332
0.512607
0.511885
0.511164
0.510446
0.509729
0.509015
0.508302
0.507592
0.506883
0.506176
0.505471
0.504768
0.504067
0.503368
0.50267
0.501974
0.501281
0.500589
0.499898
0.49921
0.498523
0.497838
0.497155
0.496474
0.495794
0.495117
0.49444
0.493766
0.493093
0.492422
0.491753
0.491085
0.490419
0.489755
0.489092
0.488431
0.487771
0.487113
0.486457
0.485802
0.485149
0.484498
0.483848
0.4832
0.482553
0.481907
0.481264
0.480621
0.479981
0.479342
0.478704
0.478068
0.477433
0.4768
0.476168
0.475538
0.474909
0.474282
0.473656
0.473031
0.472408
0.471786
0.471166
0.470547
0.46993
0.469314
0.468699
0.468086
0.467474
0.466863
0.466254
0.465646
0.46504
0.464435
0.463831
0.463228
0.462627
0.462027
0.461429
0.460831
0.460235
0.45964
0.459047
0.458455
0.457864
0.457274
0.456686
0.456099
0.455513
0.454928
0.454344
0.453762
0.453181
0.452601
0.452023
0.451445
0.450869
0.450294
0.44972
0.449148
0.448576
0.448006
0.447437
0.446869
0.446302
0.445736
0.445172
0.444608
0.444046
0.443485
0.442925
0.442366
0.441808
0.441251
0.440696
0.440141
0.439588
0.439035
0.438484
0.437934
0.437385
0.436837
0.43629
0.435744
0.435199
0.434656
0.434113
0.433571
0.43303
0.432491
0.431952
0.431415
0.430878
0.430343
0.429808
0.429275
0.428742
0.428211
0.42768
0.427151
0.426622
0.426095
0.425568
0.425043
0.424518
0.423994
0.423472
0.42295
0.422429
0.421909
0.421391
0.420873
0.420356
0.41984
0.419325
0.418811
0.418297
0.417785
0.417274
0.416763
0.416254
0.415745
0.415237
0.414731
0.414225
0.41372
0.413216
0.412712
0.41221
0.411709
0.411208
0.410708
0.41021
0.409712
0.409215
0.408718
0.408223
0.407728
0.407235
0.406742
0.40625
0.405759
0.405269
0.404779
0.404291
0.403803
0.403316
0.40283
0.402345
0.401861
0.401377
0.400894
0.400412
0.399931
0.399451
0.398971
0.398493
0.398015
0.397538
0.397061
0.396586
0.396111
0.395637
0.395164
0.394691
0.39422
0.393749
0.393279
0.39281
0.392341
0.391873
0.391406
0.39094
0.390475
0.39001
0.389546
0.389083
0.388621
0.388159
0.387698
0.387238
0.386778
0.38632
0.385862
0.385404
0.384948
0.384492
0.384037
0.383583
0.383129
0.382676
0.382224
0.381772
0.381322
0.380872
0.380422
0.379974
0.379526
0.379079
0.378632
0.378186
0.377741
0.377297
0.376853
0.37641
0.375968
0.375526
0.375085
0.374645
0.374205
0.373766
0.373328
0.37289
0.372453
0.372017
0.371582
0.371147
0.370713
0.370279
0.369846
0.369414
0.368982
0.368551
0.368121
0.367691
0.367262
0.366834
0.366406
0.365979
0.365553
0.365127
0.364702
0.364277
0.363854
0.36343
0.363008
0.362586
0.362164
0.361744
0.361324
0.360904
0.360485
0.360067
0.35965
0.359233
0.358816
0.358401
0.357985
0.357571
0.357157
0.356744
0.356331
0.355919
0.355507
0.355096
0.354686
0.354276
0.353867
0.353459
0.353051
0.352644
0.352237
0.351831
0.351425
0.35102
0.350616
0.350212
0.349809
0.349406
0.349004
0.348603
0.348202
0.347801
0.347402
0.347002
0.346604
0.346206
0.345808
0.345411
0.345015
0.344619
0.344224
0.343829
0.343435
0.343041
0.342648
0.342256
0.341864
0.341473
0.341082
0.340692
0.340302
0.339913
0.339524
0.339136
0.338749
0.338362
0.337975
0.337589
0.337204
0.336819
0.336435
0.336051
0.335668
0.335285
0.334903
0.334521
0.33414
0.333759
0.333379
0.333
0.332621
0.332242
0.331864
0.331487
0.33111
0.330733
0.330358
0.329982
0.329607
0.329233
0.328859
0.328486
0.328113
0.32774
0.327369
0.326997
0.326627
0.326256
0.325886
0.325517
0.325148
0.32478
0.324412
0.324045
0.323678
0.323312
0.322946
0.32258
0.322216
0.321851
0.321487
0.321124
0.320761
0.320399
0.320037
0.319675
0.319314
0.318954
0.318594
0.318234
0.317875
0.317517
0.317159
0.316801
0.316444
0.316087
0.315731
0.315375
0.31502
0.314665
0.314311
0.313957
0.313604
0.313251
0.312898
0.312546
0.312195
0.311844
0.311493
0.311143
0.310793
0.310444
0.310095
0.309747
0.309399
0.309052
0.308705
0.308358
0.308012
0.307667
0.307321
0.306977
0.306632
0.306289
0.305945
0.305602
0.30526
0.304918
0.304576
0.304235
0.303894
0.303554
0.303214
0.302875
0.302536
0.302198
0.301859
0.301522
0.301185
0.300848
0.300512
0.300176
0.29984
0.299505
0.299171
0.298836
0.298503
0.298169
0.297836
0.297504
0.297172
0.29684
0.296509
0.296178
0.295848
0.295518
0.295188
0.294859
0.294531
0.294202
0.293874
0.293547
0.29322
0.292893
0.292567
0.292241
0.291916
0.291591
0.291267
0.290942
0.290619
0.290295
0.289972
0.28965
0.289328
0.289006
0.288685
0.288364
0.288043
0.287723
0.287404
0.287084
0.286765
0.286447
0.286129
0.285811
0.285494
0.285177
0.284861
0.284544
0.284229
0.283913
0.283598
0.283284
0.28297
0.282656
0.282343
0.28203
0.281717
0.281405
0.281093
0.280782
0.280471
0.28016
0.27985
0.27954
0.27923
0.278921
0.278612
0.278304
0.277996
0.277689
0.277381
0.277074
0.276768
0.276462
0.276156
0.275851
0.275546
0.275241
0.274937
0.274633
0.27433
0.274027
0.273724
0.273422
0.27312
0.272818
0.272517
0.272216
0.271916
0.271615
0.271316
0.271016
0.270717
0.270419
0.27012
0.269822
0.269525
0.269228
0.268931
0.268634
0.268338
0.268042
0.267747
0.267452
0.267157
0.266863
0.266569
0.266275
0.265982
0.265689
0.265396
0.265104
0.264812
0.264521
0.26423
0.263939
0.263648
0.263358
0.263069
0.262779
0.26249
0.262201
0.261913
0.261625
0.261337
0.26105
0.260763
0.260476
0.26019
0.259904
0.259619
0.259333
0.259048
0.258764
0.25848
0.258196
0.257912
0.257629
0.257346
0.257064
0.256781
0.2565
0.256218
0.255937
0.255656
0.255376
0.255095
0.254816
0.254536
0.254257
0.253978
0.253699
0.253421
0.253143
0.252866
0.252589
0.252312
0.252035
0.251759
0.251483
0.251208
0.250933
0.250658
0.250383
0.250109
0.249835
0.249561
0.249288
0.249015
0.248742
0.24847
0.248198
0.247927
0.247655
0.247384
0.247113
0.246843
0.246573
0.246303
0.246034
0.245765
0.245496
0.245228
0.244959
0.244692
0.244424
0.244157
0.24389
0.243623
0.243357
0.243091
0.242825
0.24256
0.242295
0.24203
0.241766
0.241502
0.241238
0.240975
0.240711
0.240449
0.240186
0.239924
0.239662
0.2394
0.239139
0.238878
0.238617
0.238357
0.238097
0.237837
0.237577
0.237318
0.237059
0.236801
0.236542
0.236284
0.236027
0.235769
0.235512
0.235256
0.234999
0.234743
0.234487
0.234231
0.233976
0.233721
0.233466
0.233212
0.232958
0.232704
0.23245
0.232197
0.231944
0.231692
0.231439
0.231187
0.230935
0.230684
0.230433
0.230182
0.229931
0.229681
0.229431
0.229181
0.228932
0.228683
0.228434
0.228185
0.227937
0.227689
0.227441
0.227194
0.226946
0.2267
0.226453
0.226207
0.225961
0.225715
0.22547
0.225224
0.224979
0.224735
0.224491
0.224246
0.224003
0.223759
0.223516
0.223273
0.22303
0.222788
0.222546
0.222304
0.222063
0.221821
0.22158
0.22134
0.221099
0.220859
0.220619
0.22038
0.22014
0.219901
0.219662
0.219424
0.219186
0.218948
0.21871
0.218473
0.218236
0.217999
0.217762
0.217526
0.21729
0.217054
0.216818
0.216583
0.216348
0.216113
0.215879
0.215645
